Prediction vector:
[[-0.01015221 -0.01599693  0.0264659  -0.018613    0.035624  ]
 [ 0.026444   -0.02158158  0.02131378 -0.02159096  0.02998108]
 [ 0.02810421 -0.02164683  0.0214202  -0.02169692  0.03039056]
 [ 0.02758338 -0.02114113  0.02486978 -0.0234388   0.03062748]]

Prediction vector min:
[0 2 1 3 1]

(unsat_epsilon, sat_epsilon)
(0.0032806396484375,0.00335693359375)

Output vector:
[[-0.0146775  -0.01599693  0.02593546  0.00704537  0.03562401]
 [ 0.01803353 -0.02158158  0.02032792  0.02609638  0.02998109]
 [ 0.01939991 -0.02164683  0.02039991  0.0276564   0.03039056]
 [ 0.01978394 -0.02114113  0.02395556  0.02078394  0.03062748]]

Output vector min:
[1 1 1 1]
