Prediction vector:
[[-0.01015221 -0.01599693  0.0264659  -0.018613    0.035624  ]
 [ 0.026444   -0.02158158  0.02131378 -0.02159096  0.02998108]
 [ 0.02810421 -0.02164683  0.0214202  -0.02169692  0.03039056]]

Prediction vector min:
[0 2 1 2 1]

(unsat_epsilon, sat_epsilon)
(0.0028228759765625,0.002899169921875)

Output vector:
[[-0.03306195 -0.01611167  0.0264659  -0.01511167  0.03562401]
 [-0.01613488 -0.02179483  0.02131378 -0.01508356  0.02998109]
 [-0.01596218 -0.02186753  0.0214202  -0.01496218  0.03039056]]

Output vector min:
[0 1 1]
