Prediction vector:
[[-0.01015221 -0.01599693  0.0264659  -0.018613    0.035624  ]
 [ 0.026444   -0.02158158  0.02131378 -0.02159096  0.02998108]
 [ 0.02810421 -0.02164683  0.0214202  -0.02169692  0.03039056]
 [ 0.02758338 -0.02114113  0.02486978 -0.0234388   0.03062748]
 [ 0.03902664 -0.02147252  0.02551781 -0.02336019  0.03068729]
 [ 0.023265   -0.02132775  0.02184865 -0.02156762  0.02793264]
 [ 0.02640324 -0.01722571  0.02300951 -0.01722566  0.02616535]]

Prediction vector min:
[3 3 3 3 3 3 1]

(unsat_epsilon, sat_epsilon)
(0.0128173828125,0.013427734375)

Output vector:
[[-0.02682856 -0.01599693  0.02713081  0.02108536  0.03562401]
 [ 0.00019991 -0.02158158  0.02131378  0.03297401  0.02998109]
 [ 0.00094327 -0.02164683  0.0214202   0.0347743   0.03039056]
 [ 0.00324598 -0.02114113  0.02486978  0.02716189  0.03062748]
 [ 0.01551781 -0.02147252  0.02551781  0.02551781  0.03068729]
 [ 0.00265333 -0.02132775  0.02184865  0.0212868   0.02793264]
 [ 0.0157748  -0.01722571  0.0257748   0.0257748   0.02616535]]

Output vector min:
[0 1 1 1 1 1 1]
