Prediction vector:
[[-0.01015221 -0.01599693  0.0264659  -0.018613    0.035624  ]
 [ 0.026444   -0.02158158  0.02131378 -0.02159096  0.02998108]
 [ 0.02810421 -0.02164683  0.0214202  -0.02169692  0.03039056]]

Prediction vector min:
[0 2 1 2 1]

(unsat_epsilon, sat_epsilon)
(0.0016116609359367417,0.0016116609359367417)

Output vector:
[[ 0.00441206  0.00441206  0.01441206  0.01441206  0.02955563]
 [-0.00257348 -0.00257348  0.05033126  0.00742652  0.05899857]
 [-0.0018707  -0.00191837  0.05139512  0.00827799  0.06036548]]

Output vector min:
[0 0 1]
