Prediction vector:
[[-0.01015221 -0.01599693  0.0264659  -0.018613    0.035624  ]
 [ 0.026444   -0.02158158  0.02131378 -0.02159096  0.02998108]
 [ 0.02810421 -0.02164683  0.0214202  -0.02169692  0.03039056]
 [ 0.02758338 -0.02114113  0.02486978 -0.0234388   0.03062748]
 [ 0.03902664 -0.02147252  0.02551781 -0.02336019  0.03068729]
 [ 0.023265   -0.02132775  0.02184865 -0.02156762  0.02793264]
 [ 0.02640324 -0.01722571  0.02300951 -0.01722566  0.02616535]]

Prediction vector min:
[3 3 3 3 3 3 1]

(unsat_epsilon, sat_epsilon)
(0.0017419112814297166,0.0017419112814297166)

Output vector:
[[-0.00136942 -0.00136942  0.00863058  0.00863058  0.02431348]
 [-0.0049186  -0.00022836  0.01059858  0.00977164  0.01059833]
 [-0.0042932   0.00039152  0.01039152  0.01070049  0.01039152]
 [-0.00954797 -0.00848662  0.02215678  0.01376891  0.01987665]
 [ 0.00184082 -0.01077584  0.02443966  0.01391488  0.02184496]
 [-0.00415131 -0.00659425  0.01547007  0.00584869  0.01474671]
 [ 0.0074388   0.0074388   0.0174388   0.0174388   0.0174388 ]]

Output vector min:
[0 0 0 0 1 1 0]
