Prediction vector:
[[-0.01015221 -0.01599693  0.0264659  -0.018613    0.035624  ]
 [ 0.026444   -0.02158158  0.02131378 -0.02159096  0.02998108]
 [ 0.02810421 -0.02164683  0.0214202  -0.02169692  0.03039056]
 [ 0.02758338 -0.02114113  0.02486978 -0.0234388   0.03062748]
 [ 0.03902666 -0.02147252  0.02551781 -0.02336019  0.03068728]]

Prediction vector min:
[0 2 1 3 1]

(unsat_epsilon, sat_epsilon)
(0.004119873046875,0.0041961669921875)

Output vector:
[[-0.04492876 -0.01631578  0.0264659  -0.01531578  0.03562401]
 [-0.03818994 -0.02217418  0.02131378 -0.01546291  0.02998109]
 [-0.03878774 -0.02226014  0.0214202  -0.01535479  0.03039056]
 [-0.03235475 -0.02169068  0.02486978 -0.01775597  0.03062748]
 [-0.01887083 -0.02200336  0.02551781 -0.01787083  0.03068728]]

Output vector min:
[0 0 0 0 1]
