Prediction vector:
[[-0.01015221 -0.01599693  0.0264659  -0.018613    0.035624  ]
 [ 0.026444   -0.02158158  0.02131378 -0.02159096  0.02998108]
 [ 0.02810421 -0.02164683  0.0214202  -0.02169692  0.03039056]
 [ 0.02758338 -0.02114113  0.02486978 -0.0234388   0.03062748]]

Prediction vector min:
[0 2 1 3 1]

(unsat_epsilon, sat_epsilon)
(0.0016116609359367417,0.0016116609359367417)

Output vector:
[[ 0.00402355  0.00402355  0.01402355  0.01402355  0.01402355]
 [-0.00257348 -0.00257348  0.00852592  0.00742652  0.00852568]
 [-0.0018707  -0.00203098  0.0081293   0.00827799  0.0081293 ]
 [ 0.00098672 -0.01012693  0.01098672  0.01098672  0.01824709]]

Output vector min:
[0 0 1 1]
